PRETRAINED
-- seed 1
{'map': tensor(0.0327),
 'map_50': tensor(0.0463),
 'map_75': tensor(0.0356),
 'map_large': tensor(0.0280),
 'map_medium': tensor(0.0343),
 'map_per_class': tensor([ 0.5074,  0.3705,  0.8013,  0.6044,  0.0100,  0.0094,  0.0194,  0.0126,
         0.0140,  0.0035,  0.0032,  0.0094,  0.0127,  0.0089,  0.0118,  0.0120,
         0.0059,  0.0059,  0.0123,  0.0087,  0.0089,  0.0083,  0.0097,  0.0048,
         0.0133,  0.0077,  0.0111,  0.0061,  0.0127,  0.0049,  0.0099, -1.0000,
         0.0118,  0.0133,  0.0094,  0.0074,  0.0067,  0.0069,  0.0089,  0.0040,
         0.0032,  0.0076,  0.0095,  0.0117,  0.0089,  0.0054,  0.0020,  0.0064,
         0.0080,  0.0072,  0.0080,  0.0076,  0.0062,  0.0069,  0.0099,  0.0111,
         0.0080,  0.0098,  0.0089,  0.0081,  0.0061,  0.0036, -1.0000,  0.0079,
         0.0029,  0.0082,  0.0112,  0.0083,  0.0127,  0.0036,  0.0051,  0.0076,
         0.0115,  0.0064,  0.0123,  0.0059,  0.0178,  0.0031,  0.0102,  0.0069,
         0.0130,  0.0079, -1.0000,  0.0089,  0.0137,  0.0030,  0.0101,  0.0073,
         0.0053,  0.0034,  0.0113,  0.0085,  0.0089,  0.0060,  0.0092,  0.0100]),
 'map_small': tensor(0.0153),
 'mar_1': tensor(0.0064),
 'mar_10': tensor(0.0170),
 'mar_100': tensor(0.0340),
 'mar_100_per_class': tensor([ 0.5792,  0.4301,  0.8349,  0.6572,  0.0094,  0.0077,  0.0186,  0.0121,
         0.0132,  0.0037,  0.0047,  0.0086,  0.0102,  0.0049,  0.0099,  0.0091,
         0.0064,  0.0051,  0.0115,  0.0080,  0.0061,  0.0059,  0.0138,  0.0089,
         0.0114,  0.0064,  0.0104,  0.0077,  0.0114,  0.0018,  0.0053, -1.0000,
         0.0114,  0.0095,  0.0093,  0.0082,  0.0070,  0.0043,  0.0052,  0.0026,
         0.0032,  0.0038,  0.0068,  0.0088,  0.0125,  0.0023,  0.0032,  0.0063,
         0.0055,  0.0058,  0.0097,  0.0037,  0.0065,  0.0025,  0.0045,  0.0087,
         0.0055,  0.0076,  0.0020,  0.0067,  0.0055,  0.0029, -1.0000,  0.0052,
         0.0080,  0.0064,  0.0122,  0.0064,  0.0102,  0.0014,  0.0096,  0.0057,
         0.0120,  0.0051,  0.0131,  0.0029,  0.0160,  0.0022,  0.0122,  0.0057,
         0.0112,  0.0016, -1.0000,  0.0072,  0.0115,  0.0019,  0.0096,  0.0058,
         0.0073,  0.0014,  0.0190,  0.0088,  0.0062,  0.0017,  0.0100,  0.0087]),
 'mar_large': tensor(0.0326),
 'mar_medium': tensor(0.0377),
 'mar_small': tensor(0.0178)}
-- seed 2
{'map': tensor(0.0321),
 'map_50': tensor(0.0460),
 'map_75': tensor(0.0344),
 'map_large': tensor(0.0269),
 'map_medium': tensor(0.0334),
 'map_per_class': tensor([ 0.5009,  0.3739,  0.7999,  0.5981,  0.0136,  0.0087,  0.0072,  0.0087,
         0.0071,  0.0016,  0.0090,  0.0120,  0.0061,  0.0080,  0.0144,  0.0103,
         0.0060,  0.0083,  0.0030,  0.0142,  0.0090,  0.0055,  0.0144,  0.0057,
         0.0076,  0.0087,  0.0099,  0.0154,  0.0089,  0.0086,  0.0091, -1.0000,
         0.0129,  0.0053,  0.0147,  0.0013,  0.0089,  0.0045,  0.0094,  0.0038,
         0.0018,  0.0062,  0.0091,  0.0066,  0.0093,  0.0095,  0.0043,  0.0091,
         0.0083,  0.0055,  0.0089,  0.0069,  0.0082,  0.0039,  0.0105,  0.0089,
         0.0103,  0.0046,  0.0090,  0.0079,  0.0089,  0.0011, -1.0000,  0.0079,
         0.0083,  0.0076,  0.0091,  0.0091,  0.0054,  0.0051,  0.0104,  0.0050,
         0.0079,  0.0056,  0.0102,  0.0069,  0.0079,  0.0015,  0.0140,  0.0079,
         0.0048,  0.0079, -1.0000,  0.0064,  0.0130,  0.0017,  0.0099,  0.0090,
         0.0138,  0.0069,  0.0099,  0.0057,  0.0026,  0.0051,  0.0099,  0.0161]),
 'map_small': tensor(0.0149),
 'mar_1': tensor(0.0062),
 'mar_10': tensor(0.0163),
 'mar_100': tensor(0.0334),
 'mar_100_per_class': tensor([ 0.5747,  0.4396,  0.8347,  0.6455,  0.0115,  0.0061,  0.0077,  0.0081,
         0.0081,  0.0015,  0.0048,  0.0114,  0.0076,  0.0058,  0.0131,  0.0118,
         0.0114,  0.0030,  0.0063,  0.0127,  0.0079,  0.0075,  0.0133,  0.0073,
         0.0069,  0.0055,  0.0080,  0.0091,  0.0059,  0.0068,  0.0058, -1.0000,
         0.0110,  0.0031,  0.0116,  0.0069,  0.0119,  0.0041,  0.0041,  0.0089,
         0.0067,  0.0054,  0.0063,  0.0068,  0.0095,  0.0085,  0.0102,  0.0080,
         0.0051,  0.0033,  0.0036,  0.0065,  0.0072,  0.0044,  0.0107,  0.0063,
         0.0072,  0.0035,  0.0051,  0.0060,  0.0074,  0.0028, -1.0000,  0.0067,
         0.0064,  0.0021,  0.0084,  0.0063,  0.0046,  0.0020,  0.0122,  0.0068,
         0.0057,  0.0056,  0.0152,  0.0053,  0.0075,  0.0013,  0.0138,  0.0033,
         0.0029,  0.0022, -1.0000,  0.0054,  0.0121,  0.0015,  0.0034,  0.0050,
         0.0103,  0.0036,  0.0081,  0.0051,  0.0046,  0.0015,  0.0052,  0.0101]),
 'mar_large': tensor(0.0316),
 'mar_medium': tensor(0.0365),
 'mar_small': tensor(0.0183)}
NO PRETRAIN
-- seed 1
{'map': tensor(0.0311),
 'map_50': tensor(0.0449),
 'map_75': tensor(0.0336),
 'map_large': tensor(0.0258),
 'map_medium': tensor(0.0329),
 'map_per_class': tensor([ 5.0018e-01,  3.6762e-01,  8.0457e-01,  5.7425e-01,  1.0754e-02,
         7.1455e-03,  8.9175e-03,  7.9840e-03,  5.2157e-03,  4.5470e-03,
         9.2496e-03,  3.2871e-03,  8.0074e-03,  4.9518e-03,  9.2566e-03,
         8.8248e-03,  1.2036e-05,  6.5934e-03,  3.8277e-03,  8.6793e-03,
         3.1398e-03,  6.2968e-03,  9.9010e-03,  7.6399e-03,  1.1573e-02,
         6.3786e-03,  9.9727e-03,  1.2755e-02,  8.1880e-03,  6.6832e-03,
         9.6310e-03, -1.0000e+00,  1.0804e-02,  7.0207e-03,  6.6478e-03,
         1.0030e-02,  3.8354e-03,  7.9827e-03,  9.2709e-03,  8.2508e-04,
         5.2255e-04,  9.7646e-03,  5.0001e-03,  6.4418e-03,  2.9703e-03,
         7.2607e-03,  9.2155e-03,  2.7574e-03,  6.3594e-03,  8.2508e-03,
         9.9010e-03,  8.0858e-03,  7.3701e-03,  6.1056e-03,  1.4301e-03,
         9.6110e-03,  3.9165e-03,  5.2088e-03,  9.4496e-03,  9.4372e-03,
         7.0545e-03,  1.7173e-03, -1.0000e+00,  9.7754e-03,  8.8892e-03,
         5.8678e-03,  9.9904e-03,  1.3135e-02,  6.1662e-03,  4.4554e-03,
         5.3173e-03,  1.2844e-02,  6.5478e-03,  8.7434e-03,  9.9010e-03,
         7.1947e-03,  9.9161e-03,  1.3201e-03,  1.1033e-02,  2.7817e-03,
         1.1743e-02,  6.6832e-03, -1.0000e+00,  4.2438e-03,  1.0261e-02,
         1.3587e-03,  1.4697e-02,  8.3451e-03,  1.8338e-03,  5.1602e-03,
         1.5974e-02,  4.5545e-03,  6.9307e-03,  4.0882e-03,  8.1089e-03,
         1.2565e-02]),
 'map_small': tensor(0.0148),
 'mar_1': tensor(0.0060),
 'mar_10': tensor(0.0164),
 'mar_100': tensor(0.0333),
 'mar_100_per_class': tensor([ 0.5686,  0.4349,  0.8360,  0.6342,  0.0102,  0.0058,  0.0064,  0.0052,
         0.0042,  0.0041,  0.0081,  0.0049,  0.0085,  0.0011,  0.0076,  0.0162,
         0.0020,  0.0042,  0.0070,  0.0088,  0.0076,  0.0061,  0.0020,  0.0094,
         0.0095,  0.0050,  0.0074,  0.0104,  0.0092,  0.0053,  0.0069, -1.0000,
         0.0122,  0.0033,  0.0039,  0.0101,  0.0065,  0.0065,  0.0057,  0.0057,
         0.0031,  0.0082,  0.0059,  0.0089,  0.0064,  0.0020,  0.0060,  0.0081,
         0.0063,  0.0062,  0.0040,  0.0063,  0.0067,  0.0031,  0.0084,  0.0111,
         0.0079,  0.0056,  0.0093,  0.0085,  0.0060,  0.0033, -1.0000,  0.0111,
         0.0087,  0.0050,  0.0083,  0.0097,  0.0081,  0.0025,  0.0101,  0.0118,
         0.0069,  0.0057,  0.0065,  0.0060,  0.0064,  0.0038,  0.0137,  0.0048,
         0.0102,  0.0018, -1.0000,  0.0083,  0.0104,  0.0022,  0.0147,  0.0027,
         0.0046,  0.0073,  0.0172,  0.0072,  0.0032,  0.0042,  0.0100,  0.0098]),
 'mar_large': tensor(0.0318),
 'mar_medium': tensor(0.0368),
 'mar_small': tensor(0.0179)}
-- seed 2
{'map': tensor(0.0327),
 'map_50': tensor(0.0461),
 'map_75': tensor(0.0351),
 'map_large': tensor(0.0292),
 'map_medium': tensor(0.0349),
 'map_per_class': tensor([ 5.1315e-01,  3.7549e-01,  8.0723e-01,  5.9734e-01,  6.1671e-03,
         9.4059e-03,  1.1386e-02,  8.3525e-03,  9.1584e-03,  8.1683e-03,
         8.1188e-03,  2.5331e-03,  9.0523e-03,  8.1188e-03,  1.3080e-02,
         1.5015e-02,  1.5308e-02,  8.9109e-03,  9.1584e-03,  8.9109e-03,
         9.4059e-03,  7.1429e-03,  1.2643e-02,  1.0775e-02,  7.5083e-03,
         5.5413e-03,  8.4158e-03,  1.3548e-02,  8.9109e-03,  1.0013e-02,
         8.9109e-03, -1.0000e+00,  9.2415e-03,  7.5743e-03,  5.1980e-03,
         3.4630e-03,  8.9728e-03,  9.5679e-03,  8.7725e-03,  6.8123e-03,
         9.0009e-04,  6.0384e-03,  6.9907e-03,  1.2137e-02,  1.2730e-03,
         8.5736e-03,  8.8842e-03,  9.7419e-03,  7.9208e-03,  9.0759e-03,
         5.5446e-03,  1.1612e-02,  7.5908e-03,  8.9109e-03,  7.9208e-03,
         1.0400e-02,  8.1324e-03,  9.9010e-03,  8.1008e-03,  8.1372e-03,
         6.4421e-03,  2.5653e-03, -1.0000e+00,  3.6150e-03,  6.9307e-03,
         9.3380e-03,  9.2494e-03,  1.6295e-02,  6.9307e-03,  5.6813e-03,
         8.6773e-03,  1.2968e-02,  8.9109e-03,  7.4389e-03,  6.3935e-03,
         5.4950e-03,  7.8008e-03,  4.2079e-03,  8.1683e-03,  7.9208e-03,
         8.9871e-03,  8.8260e-03, -1.0000e+00,  1.2211e-02,  6.6451e-03,
         5.0743e-03,  9.9010e-03,  1.0132e-02,  9.9010e-03,  8.4158e-03,
         9.1584e-03,  1.1853e-02,  8.9109e-03,  3.1950e-03,  8.4158e-03,
         9.4059e-03, -1.0000e+00]),
 'map_small': tensor(0.0167),
 'mar_1': tensor(0.0079),
 'mar_10': tensor(0.0275),
 'mar_100': tensor(0.0339),
 'mar_100_per_class': tensor([ 0.5820,  0.4430,  0.8426,  0.6585,  0.0062,  0.0062,  0.0074,  0.0074,
         0.0069,  0.0073,  0.0051,  0.0084,  0.0066,  0.0068,  0.0148,  0.0168,
         0.0115,  0.0029,  0.0056,  0.0074,  0.0071,  0.0059,  0.0098,  0.0109,
         0.0048,  0.0050,  0.0050,  0.0127,  0.0058,  0.0084,  0.0074, -1.0000,
         0.0084,  0.0040,  0.0038,  0.0083,  0.0069,  0.0087,  0.0075,  0.0072,
         0.0039,  0.0024,  0.0074,  0.0107,  0.0020,  0.0102,  0.0095,  0.0116,
         0.0084,  0.0056,  0.0033,  0.0113,  0.0053,  0.0062,  0.0044,  0.0086,
         0.0094,  0.0061,  0.0040,  0.0079,  0.0033,  0.0045, -1.0000,  0.0075,
         0.0022,  0.0066,  0.0078,  0.0121,  0.0048,  0.0042,  0.0091,  0.0112,
         0.0036,  0.0061,  0.0073,  0.0118,  0.0063,  0.0073,  0.0031,  0.0043,
         0.0049,  0.0049, -1.0000,  0.0074,  0.0071,  0.0016,  0.0076,  0.0113,
         0.0072,  0.0052,  0.0064,  0.0103,  0.0050,  0.0056,  0.0059,  0.0057,
        -1.0000]),
 'mar_large': tensor(0.0309),
 'mar_medium': tensor(0.0371),
 'mar_small': tensor(0.0191)}